version https://git-lfs.github.com/spec/v1
oid sha256:2906e45c8b3359e2aaa6206d7f3245afe599489f238c11127ce4157b5dc87abd
size 6830
