version https://git-lfs.github.com/spec/v1
oid sha256:220249c00d17b8db311c9eb438b5046b9fc009f8b8100eec6ef45bed9858258b
size 4260
